
203100103
203100116
203100526
203101001
203100995
203100985
203100954
203100939
203100938
203100909
203100845
203100801
203100790
203100765
203100729
203100719
203100716
203100698
203100658
203100644
203100624
203100620
203100616
203100572
203100544
203100473
203100429
203100394
203100382
203100354
203100350
203100322
203100286
203100284
203100252
203100264
203100265
203100006
300100748
300100515
300100765
300100761
300100827
300100989
300100914
300100944
300100934
300100641
300100904
300100345
300100901
300100797
300100220
300100264
300100590
300100629
300100693
300100807
300100872
300100720
300100648
300100828
300100829
300100891
300100673
300100898
300100881
300100566
300100892
300100818
300100800
300100823
300100238
300100443
300100043
300100082
300100224
300100250
300100223
300100235
300100125
300100023
300100306
300100494
300100056
300100114
300100102
300100139
300100373
300100413
300100382
300100519
300100403
300100600
300100156
203000838
203001274
101000277
727716
727723
730168
729225
728873
728807
728609
728738
728425
727765
729570
729569
728657
727600
728362
728313
728511
728110
729471
728058
729842
725315
726665
725609
725620
726606
725903
725753
725885
725916
725865
725910
725940
725937
725758
726974
726101
726060
726664
725215
725147
725117
725401
726903
726655
726510
726515
712602
723004
720760
721259
724318
721031
720519
720343
723774
723769
723767
720849
721269
722964
722976
721568
720259
720470
720144
722642
724650
723781
720052
724367
724411
722365
720400
720412
723063
723889
721591
715421
721947
724354
715287
715429
715424
722690
722780
724205
724391
721642
720086
722272
722141
722542
722545
722536
722497
716302
722487
723990
722771
722793
713195
722490
722496
713613
713614
712342
712904
722376
720916
721332
721283
724445
721290
717546
720886
720884
714983
713953
713163
713930
714039
724675
721700
721657
723841
721462
721457
721475
723656
723653
721011
721013
723923
723262
724066
721727
723107
720195
721731
724685
720827
721785
721726
721794
720252
723316
723741
720253
723761
707474
710615
717338
711056
708686
710682
712518
712713
701517
702455
710206
700669
700607
710905
710337
708031
717450
712235
710743
729112
717220
717381
704749
700813
706990
700058
700077
700593
700691
705092
702885
705102
700299
704474
704249
727935
701244
702909
701196
701098
703766
703201
701158
704449
702728
703052
703077
729239
716491
709790
