
305048469
305048471
305048468
305048338
305048451
305048452
305048457
305048428
305048438
305048434
305048400
305048406
305048408
305048386
305048359
305048352
305048364
305048360
305048331
305048341
305048327
305048300
305048299
305048305
305048314
305048278
305048281
305048285
305048248
305048250
305048268
305048247
305048166
305048169
305048176
305048154
305046983
305047678
305047666
305047650
305048060
305048056
305048015
305048024
305048031
305048038
305047596
305047590
305047994
305047601
305047567
305047566
305047575
305047975
305047587
305047530
305047535
305047517
305047519
305047928
305047510
305047942
305047503
305047941
305047906
305047483
305047911
305047240
305047917
305047362
305047468
305047849
305047463
305047434
305047885
305047411
305047440
305047449
305047446
305047409
305047406
305047877
305047839
305047843
305047850
305047388
305047394
305047396
305047824
305047401
305047834
305047380
305047806
305047776
305047346
305047352
305047790
305047759
305047758
305047757
305047313
305047321
305047325
305047279
305047740
305047743
305047744
305047746
305047749
305047709
305047258
305047248
305047220
305047225
305047233
305047203
305047202
305046961
305046974
305046821
305046862
305046873
305046874
305046984
305046976
305046969
305046882
305046781
305046834
305046878
305047048
305046855
305047002
305047147
305047035
305046827
305047034
305046807
305046815
305046799
305046793
305046785
305047170
305046776
305046770
305046745
305046741
305047162
305046682
305046673
305046641
305047114
305047093
305046626
305046625
305047083
305046624
305046633
305046632
305046628
305047073
305047067
305047065
305046571
305046569
305047053
305046577
305046559
305046545
305046528
305046526
305046436
305046440
305046483
305046457
305046466
305046467
305046404
305046409
305046521
305046513
305046501
305046294
305046268
305046200
305046252
305046235
305046383
305046385
305046225
305046222
305046215
305046216
305046211
305046360
305046362
305046191
305046187
305046181
305046156
305046138
305046321
305046124
305046306
305046121
305046315
305046107
305046056
305046045
305046035
305046100
305046015
305046071
305045951
305045203
305045899
305045894
305045871
305045855
305045859
305045620
305045616
305045602
305045838
305045837
305045829
305045801
305045795
305045780
305045775
305045756
305045743
305045593
305044089
305043448
305043696
305044071
305044073
305044039
305043654
305043643
305043644
305044003
305043626
305043601
305043993
305043568
305043928
305043947
305043493
305043842
305043484
305043468
305043459
305043824
305043831
305043441
305043404
305043387
305043386
305043799
305043383
305043767
305043361
305043353
305043703
305043296
305043276
305043019
305042599
305042545
305042098
305042071
305042069
305042066
305042007
305025782
305025787
305025634
305024926
305024789
305024759
305024693
305024699
305024612
305024412
305024396
305024390
305024312
305024375
305024349
305024326
305024290
305024254
305024230
305024244
305024208
305023973
305023943
305024159
305024146
305024134
305024116
305024068
305024084
305024043
305024052
305024021
305024035
305024000
305023873
305023927
305023636
305023380
305023269
305023242
305023240
305023239
305023171
305023164
305023133
305023119
305022775
305022747
305022657
305022635
305022628
305022582
305022530
305022479
305022455
305022439
305022406
305022317
305022187
305022177
305022175
305022041
305022029
305022001
305022009
305022019
305021734
305021711
305021626
305021587
305021572
305021586
305021304
305021301
305021282
305021247
305021232
305021197
305021176
305021182
305021186
305021165
305021161
305021151
305021146
305021076
305021074
305021070
305021069
305021046
305020678
305021038
305021032
305021026
305021020
305021019
305021012
305020861
305021001
305021000
305020997
305020976
305020969
305020968
305020964
305020963
305020624
305020946
305020939
305020929
305020852
305020903
305020519
305020870
305020516
305020539
305020529
305020528
305020489
305020481
305020444
305020805
305020437
305020421
305020382
305020281
305020258
305020229
305020079
305020045
305020187
305020042
305020186
305020051
305020049
305020192
305020203
305020041
305020169
305020181
305020004
305019999
305020157
305019986
305020121
305020104
305019742
305019754
305019757
305019729
305019731
305019736
305019697
305019708
305019714
305019678
305019684
305019674
305019691
305019689
305019880
305019666
305019632
305019638
305019246
305019643
305019850
305019612
305019841
305019604
305019829
305019589
305019601
305019600
305019552
305019513
305019495
305019485
305019477
305019442
305019421
305019414
305019433
305019398
305019338
305019302
305019284
305019263
305019256
305019222
305019218
305019197
305019212
305019183
305019177
305019157
305019132
305019143
305019144
305019149
305019115
305019110
305019093
305019091
305019089
305019099
305019088
305019055
305019060
305019031
305019042
305019022
305018981
305018948
305018920
305018926
305018897
305018899
305018906
305018874
305018875
305018867
305018881
305018846
305018851
305018832
305018837
305018803
305018819
305018810
305018782
305018783
305018754
305018758
305018768
305018748
305018728
305018713
305018722
305018714
305018715
305018689
305018698
305018692
305018656
305018633
305018644
305018647
305018618
305018585
305018569
305018566
305018544
305018510
305018521
305018506
305018501
305018493
305018446
305018453
305018429
305018432
305018433
305018425
305018285
305018039
305018155
305018157
305018172
305018134
305018126
305017796
305018139
305018109
305018115
305018118
305018061
305018070
305018048
305018014
305018013
305018024
305017991
305017963
305017942
305017926
305017897
305017915
305017893
305017903
305017908
305017869
305017867
305017848
305017865
305017861
305017860
305017823
305017840
305017802
305017818
305017805
305017794
305017787
305017768
305017727
305017735
305017721
305017713
305017148
305017157
305017112
305017574
305017599
305017104
305017576
305017579
305017584
305017564
305017530
305017676
305017675
305017651
305017642
305017638
305017633
305017627
305017625
305017623
305017610
305017094
305017466
305017430
305017076
305017088
305017425
305017438
305017034
305017031
305017413
305017416
305017046
305017014
305017012
305017025
305016990
305017001
305017369
305016976
305016979
305016988
305017333
305016955
305016958
305016967
305016913
305016901
305016842
305016845
305016853
305016832
305016800
305016816
305015993
305015994
305015977
305015973
305015964
305015919
305015935
305015881
305015885
305015827
305015826
305015780
305015786
305015763
305015742
305015722
305015731
305015711
305015708
305015702
305015682
305015691
305015690
305015687
305015670
305015667
305015664
305015646
305015641
305015618
305015229
305015248
305015207
305015188
305015200
305015164
305015168
305015169
305015171
305015174
305015172
305015041
305015058
305015080
305015539
305015536
305015523
305015517
305015496
305015489
305015480
305015027
305015010
305014989
305014954
305014949
305014927
305014910
305014914
305014882
305014443
305014840
305014845
305014848
305014821
305014828
305014832
305014831
305014804
305014779
305014778
305014656
305014637
305014639
305014644
305014618
305014603
305014570
305014520
305014497
305014492
305014475
305014482
305014486
305014465
305014463
305014461
305014426
305014418
305014435
305014409
305014408
305014406
305013892
305013872
305014055
305014374
305014298
305014372
305014364
305014377
305014214
305014194
305014352
305014393
305014256
305014249
305014335
305014039
305014225
305014205
305014043
305014061
305014189
305014186
305014023
305014155
305014017
305013999
305014135
305014129
305014010
305014123
305014106
305014081
305014073
305013963
305014068
305013927
305013942
305013860
305013923
305013846
305013902
305013814
305013806
305013884
305013389
305013401
305013598
305013597
305013588
305013583
305013578
305013574
305013567
305013559
305013541
305013420
305013491
305013533
305013516
305013500
305013484
305013485
305013446
305013421
305013413
305013415
305013362
305013351
305013356
305013343
305013331
305013320
305013304
305013307
305013272
305013270
305013255
305013258
305013248
305013224
305013215
305013214
305013205
305013188
305013187
305013163
305013154
305013144
305013120
305013111
305012938
305012791
305012781
305012784
305012773
305012755
305012713
305012705
305012700
305012655
305012661
305012651
305012648
305012638
305012635
305012624
305012623
305012618
305012603
305012591
305012579
305012561
305012555
305012521
305012512
305012499
305012475
305012465
305012450
305012439
305012436
305012426
305012425
305012415
305012408
305012406
305012388
305012390
305012377
305012356
305012332
305012344
305012321
305012317
305012300
305011620
305012299
305012290
305012287
305012286
305012273
305012267
305012252
305012241
305012221
305012223
305012178
305012165
305012125
305012043
305012035
305012026
305012012
305012016
305012018
305012001
305011987
305011991
305011940
305011927
305011914
305011908
305011893
305011891
305011869
305011856
305011861
305011862
305011838
305011839
305011812
305011813
305011808
305011791
305011786
305011762
305011731
305011734
305011727
305011724
305011704
305011687
305011605
305011685
305011607
305011663
305011643
305011628
305011619
305011423
305011407
305011400
305011385
305011375
305011351
305011341
305011326
305011301
305011285
305011273
305011244
305011238
305011227
305011209
305011203
305011184
305011174
305011153
305011138
305011136
305011133
305011127
305011125
305011113
305011095
305011080
305011073
305011026
305011013
305011006
305011009
305010986
305010975
305010976
305010981
305010856
305010958
305010944
305010912
305010897
305010890
305010869
305010845
305010843
305010835
305010834
305010830
305010822
305010819
305010817
305010786
305010775
305010772
305010762
305010754
305010740
305010738
305010730
305010728
305010721
305010710
305010709
305010701
305010697
305010691
305010675
305010669
305010663
305010646
305010641
305010622
305010602
305010586
305010582
305010568
305010550
305010534
305010525
305010516
305010512
305010500
305010492
305010490
305010449
305010441
305010437
305010435
305010427
305010417
305010413
305010394
305010387
305010381
305010368
305010366
305010350
305010347
305010326
305010304
305010309
305010308
305010273
305010229
305010209
305010203
305010196
305010191
305010168
305010163
305010128
305010125
305010117
305010112
305010093
305010080
305010078
305010073
305010035
305010026
305009996
305009984
305009961
305009956
305009942
305009939
305009938
305009927
305009925
305009913
305009912
305009908
305009893
305009875
305009869
305009828
305009823
305009817
305009814
305009805
305009796
305009793
305009790
305009777
305009756
305009746
305009733
305009720
305009718
305009712
305009699
305009694
305009676
305009672
305009666
305009658
305009645
305009642
305009630
305009629
305009605
305009604
305009602
305009586
305009588
305009563
305009568
305008536
305009529
305009544
305009498
305009499
305009507
305009509
305009510
305009519
305009483
305009478
305009440
305009421
305009436
305009397
305009414
305009404
305009409
305009373
305009378
305009355
305009362
305009322
305009304
305009307
305009283
305009256
305009259
305009237
305009218
305009222
305009234
305009149
305009204
305009187
305009164
305009150
305009137
305009129
305009105
305009111
305009088
305009051
305009066
305009046
305009060
305009042
305008983
305008944
305008952
305008951
305008958
305008961
305008901
305008904
305008881
305008846
305008819
305008812
305008815
305008809
305008795
305008796
305008769
305008758
305008750
305008737
305008735
305008727
305008725
305008719
305008446
305008653
305008643
305008625
305008622
305008598
305008593
305008586
305008583
305008447
305008579
305008569
305008551
305008524
305008517
305008512
305008510
305008496
305008490
305008482
305008462
305008459
305008440
305008439
305008432
305008421
305008406
305008392
305008391
305008390
305008380
305008377
305008363
305008361
305008321
305008324
305008299
305008295
305008292
305008290
305008285
305008268
305008269
305008245
305008236
305008230
305007570
305007586
305007567
305007519
305008179
305007500
305008175
305007513
305008166
305008121
305008116
305008109
305007484
305007463
305008089
305007391
305007472
305008054
305008047
305007449
305008032
305007412
305008016
305007424
305008010
305008001
305007992
305007399
305007984
305007981
305007980
305007381
305007362
305007971
305007372
305007759
305007350
305007934
305007931
305007920
305007314
305007911
305007300
305007301
305007879
305007871
305007868
305007853
305007594
305007830
305007817
305007813
305007809
305007808
305007788
305007779
305007749
305007744
305007731
305007723
305007709
305007708
305007688
305007687
305007650
305007603
305007600
305007599
305007288
305007269
305007265
305007260
305007258
305007249
305007247
305007242
305007233
305007224
305007222
305007216
305007207
305007205
305007198
305007187
305007174
305007125
305007100
305007095
305007014
305006972
305006975
305006984
305006941
305006943
305006921
305006913
305006894
305006880
305006865
305006849
305006813
305006815
305006806
305006779
305006773
305006755
305006750
305001187
305001227
305006725
305006713
305006716
305006709
305006699
305006696
305006687
305006667
305006672
305006654
305006652
305006634
305006637
305006608
305006587
305006583
305006577
305006573
305006574
305006576
305006560
305006521
305006503
305006501
305006472
305006464
305006459
305006338
305006331
305006328
305006326
305006304
305006300
305006297
305006288
305006282
305006279
305006247
305006244
305006189
305006179
305006163
305006155
305006139
305006137
305006134
305006124
305006120
305006118
305006113
305006100
305006091
305006086
305006082
305006074
305006057
305006056
305006028
305006025
305005997
305005991
305005989
305005984
305005976
305005971
305005961
305005957
305005952
305005945
305005906
305005894
305005893
305005873
305005869
305005865
305005863
305005845
305005839
305005825
305005819
305005809
305005801
305005775
305005777
305005759
305005756
305005751
305005708
305005661
305005649
305005637
305005624
305005607
305005580
305005575
305005570
305005571
305005549
305005545
305005532
305005524
305005468
305005467
305005449
305005382
305005366
305005358
305005205
305005202
305005195
305005181
305005172
305005160
305005152
305005145
305005140
305005135
305004831
305005091
305005089
305005075
305005013
305005056
305005039
305004923
305004914
305004912
305004903
305004899
305004890
305004896
305004877
305004878
305004869
305004858
305004839
305004817
305004815
305004802
305004800
305004793
305004778
305004771
305004752
305004751
305004750
305004696
305004699
305004642
305004635
305004623
305004602
305004591
305004581
305004582
305004575
305004566
305004545
305004533
305004508
305004479
305004477
305004445
305004441
305004407
305004341
305004327
305004285
305004276
305004253
305004251
305004002
305003983
305003982
305003999
305003998
305003996
305003976
305003936
305003935
305003952
305003942
305003916
305003927
305003926
305003904
305003890
305003880
305003838
305003772
305003813
305003789
305003786
305003805
305003804
305003774
305003734
305003737
305003732
305003709
305003682
305003690
305003664
305003623
305003624
305003627
305003628
305003615
305003620
305003612
305003610
305003607
305003594
305003595
305003543
305003548
305003530
305003531
305003514
305003515
305003505
305003479
305003471
305003461
305003432
305003424
305003431
305003409
305003399
305003370
305003356
305003337
305003331
305003312
305003299
305003283
305003282
305003265
305003258
305003254
305003249
305003210
305003196
305003193
305003192
305003178
305003157
305003126
305003118
305003113
305003112
305003104
305003099
305003093
305003085
305003041
305003040
305003026
305003024
305003020
305003014
305002995
305002994
305002967
305002944
305002915
305002906
305002897
305002900
305002901
305002882
305002836
305002830
305002822
305002809
305002806
305002804
305002802
305002799
305002785
305002783
305002770
305002740
305002676
305002663
305002659
305002640
305002614
305002602
305002601
305002597
305002570
305002553
305002550
305002545
305002543
305002533
305002529
305002526
305002525
305002511
305002499
305002498
305002476
305002458
305002439
305002434
305002429
305002428
305002421
305002388
305002385
305002377
305002375
305002348
305002327
305002316
305002302
305002284
305002267
305002262
305002239
305002228
305002205
305002190
305002165
305002132
305002114
305002095
305002087
305002082
305002069
305002065
305002059
305002056
305002053
305002037
305002010
305001914
305002004
305001973
305001967
305001957
305001952
305001937
305001904
305001903
305001889
305001848
305001842
305001841
305001831
305001828
305001824
305001808
305001805
305001791
305001769
305001739
305000439
305001699
305001434
305001685
305001703
305001682
305001680
305001672
305001676
305001646
305001656
305001617
305001633
305001630
305001603
305001573
305001566
305001563
305001561
305001450
305001526
305001512
305001510
305001476
305001468
305001456
305001429
305001436
305001414
305001375
305001376
305001384
305001387
305001351
305001371
305001298
305001310
305001312
305001291
305001272
305001253
305001254
305001255
305001258
305001261
305001065
305001173
305001178
305001165
305001151
305001158
305001115
305001124
305001139
305001130
305001135
305001086
305001043
305001026
305001031
305001002
305001003
305001017
305000975
305000991
305000972
305000762
305000754
305000970
305000965
305000958
305000957
305000914
305000906
305000882
305000867
305000861
305000847
305000846
305000829
305000792
305000783
305000777
305000750
305000720
305000718
305000710
305000696
305000674
305000649
305000637
305000633
305000613
305000595
305000580
305000569
305000556
305000484
305000248
305000493
305000499
305000485
305000507
305000072
305000432
305000443
305000446
305000512
305000450
305000347
305000364
305000366
305000382
305000402
305000410
305000316
305000320
305000329
305000286
305000310
305000308
305000283
305000284
305000192
305000281
305000219
305000220
305000191
305000231
305000164
305000148
305000186
305000104
305000115
305000129
305000065
305000054
305000069
305000040
