305011122
305013972
305016092
305020754
305024896
305025386
305029295
305029669
305030132
305030137
305030160
305030280
305030358
305030386
305030393
305030461
305030465
305030525
305030544
305030592
305030709
305030725
305031055
305031063
305031160
305031234
305031451
305031536
305031568
305031573
305031589
305031678
305031787
305032137
305032392
305032475
305032573
305032730
305032815
305032986
305033053
305033300
305034068
305034105
305034112
305034137
305034178
305034227
305034524
305034593
305034673
305034987
305035711
305035903
305036055
305036171
305036261
305036274
305036356
305036424
305036456
305036468
305036480
305036511
305036873
305037249
305037298
305037471
305037503
305037646
305037731
305037782
305038035
305038762
305038770
305039270
305039291
305039395
305039446
305039498
305039864
305040079
305040407
305040475
305040521
305040649
305040676
305040707
305040790
305040809
305040897
305040924
305040942
305040958
305040994
305040998
305041006
305041008
305041114
305041424
305041437
305041508
305041908
305042198
305042235
305042311
305047859
305048649